100 110 120 130 140 150 160 170 200 210 220 230 240 250 260 270 300 310 320 330 340 350 360 370 400 410 420 430 440 450 460 470 
100 110 110 120 130 140 120 110 200 210 220 230 220 210 240 270 300 310 370 320 330 340 350 360 400 410 420 440 420 420 420 400
100 150 100 170 140 140 130 110 230 200 210 220 220 230 230 230 300 320 340 300 370 360 350 340 400 410 420 430 440 460 460 420 
170 160 150 140 130 120 110 100 270 260 250 240 230 220 210 200 301 311 321 331 341 341 331 321 401 411 421 431 441 441 431 421  
100 110 120 130 140 160 130 100 210 210 230 230 240 240 230 220 310 310 320 330 340 340 330 320 400 410 420 430 440 440 440 440 
120 110 120 135 145 145 135 125 215 215 225 235 245 245 235 225 305 315 325 335 345 345 335 325 405 415 425 435 445 455 435 425
100 110 130 130 140 140 130 120 240 200 210 230 240 240 230 220 300 310 320 330 340 340 330 300 400 410 420 430 440 440 400 200 








